183961357 
463449115
184004536
433499665
415672270
433664067
415672270
279625260
217837717
159339325
159902574
184001792
257151005
257370200
257370202
183961355
183961356
183961357
257407049
257408271
463442296
415814381
257409468
160016097
257409470
16734347
16734347
4947850
263359956
17024866
433707700
16969809
415814381
463384970
463505291
257436724
183957925
5088078
16859904
5143675
16931300
17020020
17025743
5383848
433929184  [ banyuBOT ]
414083625  [ banyuBOT ]
463709405
17300697
279720077
434077326
